1.042528,100000
2.061762,100000
3.121431,100000
4.163649,100000
5.217632,100000
6.277071,100000
7.331457,100000
8.432968,100000
9.450222,100000
10.56482,100000
11.60751,100000
12.62994,100000
13.66618,100000
14.67937,100000
15.70518,100000
16.76438,100000
17.80052,100000
18.88078,100000
19.89965,100000
20.95904,100000
21.96583,100000
22.97378,100000
24.0229,100000
25.04474,100000
26.08419,100000
27.19664,100000
28.22169,100000
29.28823,100000
30.32591,100000
31.38061,100000
32.41613,100000
33.45582,100000
34.46365,100000
35.5406,100000
36.55049,100000
37.58025,100000
38.61485,100000
39.62617,100000
40.65868,100000
41.70968,100000
42.77703,100000
43.79067,100000
44.82568,100000
45.85953,100000
46.90651,100000
47.91552,100000
48.93692,100000
49.98389,100000
50.99966,100000
52.01735,100000
53.03962,100000
54.04187,100000
55.0463,100000
56.06995,100000
57.08502,100000
58.11024,100000
59.12104,100000
60.16062,100000
61.19398,100000
62.2189,100000
63.24196,100000
64.27969,100000
65.31243,100000
66.31435,100000
67.32028,100000
68.35665,100000
69.38557,100000
70.39291,100000
71.45259,100000
72.48941,100000
73.4953,100000
74.58161,100000
75.60939,100000
76.72599,100000
77.74786,100000
78.77648,100000
79.86736,100000
80.90227,100000
81.92905,100000
82.93455,100000
83.95758,100000
85.00941,100000
86.05317,100000
87.05911,100000
88.08971,100000
89.14335,100000
90.19468,100000
91.21262,100000
92.26597,100000
93.28185,100000
94.29642,100000
95.29993,100000
96.31265,100000
97.33871,100000
98.34616,100000
99.39802,100000
100.4287,100000
101.4365,100000
102.4783,100000
103.5318,100000
104.6012,100000
105.6458,100000
106.6592,100000
107.6669,100000
108.6897,100000
109.7176,100000
110.7909,100000
111.8411,100000
112.8718,100000
113.904,100000
114.9194,100000
115.9198,100000
116.9421,100000
117.9433,100000
118.944,100000
119.9471,100000
120.9985,100000
122.062,100000
123.0628,100000
124.0976,100000
125.1173,100000
126.1637,100000
127.1781,100000
128.2178,100000
129.2291,100000
130.2492,100000
131.2761,100000
132.2964,100000
133.3107,100000
134.32,100000
135.3361,100000
136.3511,100000
137.3601,100000
138.4028,100000
139.4196,100000
140.4908,100000
141.4933,100000
142.5302,100000
143.5584,100000
144.5669,100000
145.6014,100000
146.6246,100000
147.6833,100000
148.6842,100000
149.6924,100000
150.7197,100000
151.7293,100000
152.772,100000
153.7939,100000
154.825,100000
155.8982,100000
156.9766,100000
158.0313,100000
159.1014,100000
160.1307,100000
161.1546,100000
162.1831,100000
163.1889,100000
164.1896,100000
165.2146,100000
166.2568,100000
167.2751,100000
168.2767,100000
169.3345,100000
170.3938,100000
171.4645,100000
172.5352,100000
173.5925,100000
174.6097,100000
175.6102,100000
176.6646,100000
177.6875,100000
178.7403,100000
179.7987,100000
180.9801,100000
182.0186,100000
183.0834,100000
184.1472,100000
185.2777,100000
186.303,100000
187.3491,100000
188.4072,100000
189.4423,100000
190.5021,100000
191.5399,100000
192.5419,100000
193.5569,100000
194.5582,100000
195.5684,100000
196.5866,100000
197.6058,100000
198.6276,100000
199.6737,100000
200.6908,100000
201.7298,100000
202.7363,100000
203.7663,100000
204.8075,100000
205.8231,100000
206.8669,100000
207.9133,100000
208.9217,100000
209.9609,100000
210.9778,100000
212.0482,100000
213.0858,100000
214.1237,100000
215.1691,100000
216.2169,100000
217.2414,100000
218.2591,100000
219.3017,100000
220.3192,100000
221.3646,100000
222.4027,100000
223.4383,100000
224.4844,100000
225.4958,100000
226.537,100000
227.5809,100000
228.5813,100000
229.5815,100000
230.5983,100000
231.615,100000
232.6544,100000
233.6602,100000
234.6672,100000
235.7474,100000
236.8195,100000
237.8379,100000
238.8457,100000
239.8506,100000
240.8666,100000
241.912,100000
242.9123,100000
244.0015,100000
245.0222,100000
246.0376,100000
247.0514,100000
248.0742,100000
249.0883,100000
250.1237,100000
251.1727,100000
252.1795,100000
253.2148,100000
254.2225,100000
255.2546,100000
256.2925,100000
257.3293,100000
258.3445,100000
259.382,100000
260.4135,100000
261.4712,100000
262.4852,100000
263.5264,100000
264.5656,100000
265.586,100000
266.6092,100000
267.6102,100000
268.6867,100000
269.7574,100000
270.838,100000
271.8655,100000
272.9042,100000
273.9221,100000
274.9543,100000
276.0208,100000
277.0352,100000
278.0362,100000
279.0463,100000
280.0554,100000
281.1367,100000
282.1612,100000
283.324,100000
284.3336,100000
285.3475,100000
286.389,100000
287.4329,100000
288.4664,100000
289.4683,100000
290.5443,100000
291.5886,100000
292.6144,100000
293.6409,100000
294.6652,100000
295.7195,100000
296.7644,100000
297.8482,100000
298.8831,100000
299.9431,100000
301.0115,100000
302.0533,100000
303.1145,100000
304.1343,100000
305.153,100000
306.1981,100000
307.2012,100000
308.2552,100000
309.2809,100000
310.3637,100000
311.4087,100000
312.4471,100000
313.4843,100000
314.525,100000
315.5846,100000
316.6222,100000
317.6566,100000
318.706,100000
319.7411,100000
320.7436,100000
321.7829,100000
322.8315,100000
323.8754,100000
324.94,100000
325.9746,100000
327.0165,100000
328.087,100000
329.0965,100000
330.1337,100000
331.2023,100000
332.2682,100000
333.3414,100000
334.4125,100000
335.4536,100000
336.4848,100000
337.6392,100000
338.6419,100000
339.6675,100000
340.7009,100000
341.7018,100000
342.7538,100000
343.7615,100000
344.8073,100000
345.8506,100000
346.9084,100000
347.9142,100000
348.9182,100000
349.9219,100000
350.9439,100000
352.0129,100000
353.0261,100000
354.0598,100000
355.0937,100000
356.1298,100000
357.1468,100000
358.1509,100000
359.1543,100000
360.18,100000
361.1815,100000
362.1977,100000
363.2207,100000
364.2231,100000
365.2921,100000
366.2959,100000
367.3518,100000
368.3747,100000
369.4014,100000
370.4041,100000
371.4513,100000
372.4619,100000
373.482,100000
374.4984,100000
375.5031,100000
376.5148,100000
377.5446,100000
378.5787,100000
379.5888,100000
380.5934,100000
381.6263,100000
382.6332,100000
383.6394,100000
384.687,100000
385.688,100000
386.6948,100000
387.7006,100000
388.7318,100000
389.7424,100000
390.8022,100000
391.8078,100000
392.8473,100000
393.8523,100000
394.8889,100000
395.9051,100000
396.9415,100000
397.9775,100000
399.0032,100000
400.0283,100000
401.0311,100000
402.064,100000
403.0642,100000
404.0876,100000
405.1166,100000
406.1503,100000
407.1521,100000
408.1651,100000
409.1662,100000
410.1836,100000
411.1877,100000
412.2119,100000
413.2161,100000
414.2631,100000
415.2766,100000
416.3302,100000
417.3352,100000
418.3506,100000
419.3865,100000
420.4194,100000
421.4678,100000
422.4712,100000
423.5045,100000
424.5196,100000
425.5316,100000
426.5464,100000
427.5482,100000
428.5643,100000
429.577,100000
430.6091,100000
431.6111,100000
432.6232,100000
433.6349,100000
434.6446,100000
435.6563,100000
436.6689,100000
437.669,100000
438.6765,100000
439.678,99900
440.6874,99900
441.6915,99900
442.705,99900
443.7199,99900
444.7654,99900
445.7963,99900
446.8011,99900
447.8288,99900
448.8393,99900
449.8654,99900
450.8736,99900
451.8805,99900
452.9117,99900
453.94,99900
454.9738,99900
456.0079,99900
457.0103,99900
458.0404,99900
459.0496,99900
460.0626,99900
461.0904,99900
462.1052,99800
463.1212,99700
464.1263,99700
465.1378,99600
466.1747,99600
467.1917,99600
468.1921,99600
469.2134,99600
470.265,99500
471.2907,99400
472.3033,99300
473.3311,99300
474.3775,99300
475.38,99200
476.411,99100
477.4394,99100
478.5181,99100
479.5486,99100
480.5691,99100
481.5711,98800
482.5912,98600
483.5958,98600
484.6215,98600
485.6423,98600
486.6497,98600
487.6846,98600
488.7055,98500
489.7131,98400
490.7212,98300
491.753,98200
492.786,98100
493.7907,98100
494.7914,98000
495.8215,98000
496.8572,97900
497.8579,97800
498.8605,97800
499.8644,97800
500.8938,97700
501.9374,97700
502.972,97700
503.9909,97700
504.9981,97700
505.999,97700
507.0005,97500
508.0123,97400
509.0447,97400
510.0797,97200
511.1006,97100
512.136,97100
513.1748,96900
514.2057,96900
515.2405,96900
516.267,96900
517.2749,96900
518.2799,96900
519.2988,96800
520.3163,96700
521.3494,96700
522.3926,96700
523.4272,96600
524.469,96500
525.4802,96400
526.5245,96300
527.6492,96300
528.6782,96300
529.7034,96200
530.7463,96100
531.7641,96000
532.791,95900
533.7955,95900
534.801,95800
535.8405,95800
536.8713,95800
537.9072,95700
538.9175,95700
539.9462,95600
540.9762,95400
541.9839,95300
542.9953,95300
543.9963,95100
545.045,95100
546.0659,95100
547.098,95100
548.1277,95100
549.178,95000
550.1836,95000
551.225,95000
552.2333,94900
553.2524,94900
554.2529,94900
555.2626,94800
556.2662,94700
557.2957,94500
558.2968,94400
559.3262,94200
560.3316,93800
561.3699,93800
562.4179,93800
563.4392,93700
564.4631,93700
565.4738,93400
566.527,93200
567.5424,93200
568.5707,93000
569.5982,92800
570.6154,92800
571.6258,92600
572.6546,92600
573.6744,92500
574.6752,92500
575.6981,92500
576.7062,92400
577.7236,92200
578.7349,91900
579.7783,91700
580.8,91600
581.8033,91600
582.8149,91400
583.8486,91400
584.8573,91300
585.8665,91200
586.8755,91100
587.897,90900
588.9103,90400
589.9446,90300
590.9566,90300
591.9727,90200
593.001,90000
594.0608,89800
595.0948,89800
596.1066,89700
597.1245,89700
598.1664,89700
599.1874,89500
600.1921,89300
601.2137,89200
602.2303,89200
603.28,89100
604.3115,88900
605.3215,88800
606.3435,88800
607.3938,88600
608.4326,88500
609.4632,88300
610.5113,88300
611.5474,88100
612.5859,87900
613.6068,87800
614.6313,87700
615.6551,87500
616.6718,87500
617.6725,87500
618.6835,87500
619.719,87400
620.764,87200
621.8025,87000
622.8097,86900
623.8332,86900
624.8633,86800
625.8907,86800
626.9002,86700
627.9068,86500
628.9411,86200
629.9656,86000
630.9953,85800
631.999,85500
633.0028,85000
634.0029,84900
635.0214,84600
636.1054,84400
637.1561,84100
638.2296,83700
639.2383,83500
640.2582,83100
641.2847,82900
642.3474,82800
643.3565,82400
644.4091,82100
645.4109,81900
646.4232,81200
647.4542,80800
648.4686,80600
649.535,80400
650.5395,80400
651.5833,80100
652.6249,80000
653.6356,79500
654.6512,79000
655.6523,78700
656.6708,78500
657.7031,78300
658.7618,78200
659.8089,77900
660.863,77700
661.8781,77500
662.8862,77200
663.8992,76900
664.9131,76700
665.9695,76600
667.0079,76300
668.0139,76200
669.0427,75500
670.0989,75200
671.1174,75000
672.1769,74900
673.1792,74900
674.1927,74600
675.2307,74500
676.2435,74400
677.2715,73800
678.3162,73600
679.3188,73000
680.3562,72600
681.3708,71900
682.3845,71700
683.4505,71500
684.4809,70700
685.5469,70500
686.5576,70300
687.5957,70000
688.6212,69900
689.6495,69500
690.7003,68300
691.7347,68200
692.7811,67900
693.811,67800
694.8229,67500
695.8275,67300
696.8362,67200
697.8699,66900
698.9191,66600
699.9305,65700
700.9473,65100
701.9711,64800
703.0129,64200
704.0347,63900
705.0669,63100
706.1118,62800
707.175,61800
708.2266,61200
709.2677,60700
710.3304,60100
711.3359,59700
712.3572,59700
713.5037,59400
714.5411,58900
715.5586,58300
716.5634,58100
717.6026,57600
718.6091,57500
719.6782,57100
720.7037,57100
721.7629,56800
722.7633,56400
723.7666,55900
724.7761,55700
725.7898,55500
726.8273,55100
727.8519,54500
728.8817,54400
729.9135,54000
730.9489,53400
732.0076,52500
733.0173,52000
734.0412,52000
735.0649,51800
736.1678,51700
737.2172,50900
738.2237,50700
739.2388,50500
740.2557,50400
741.2813,50000
742.35,49600
743.3808,49000
744.4099,48800
745.4215,48600
746.4649,47900
747.481,47800
748.4982,47800
749.5623,47700
750.5773,47500
751.5958,46200
752.6004,46200
753.6409,46100
754.6659,46000
755.6918,46000
756.7133,45900
757.7241,45800
758.7311,45000
759.7335,45000
760.7447,45000
761.7704,44900
762.7754,44900
763.8268,44800
764.8637,44200
765.8828,44000
766.9133,43800
767.9248,43700
768.9526,43600
769.9675,43600
770.9679,43500
771.9789,43000
773.0107,42900
774.0526,42800
775.0565,42700
776.0896,42700
777.0925,42700
778.1048,42400
779.1375,42200
780.1805,42200
781.1888,42100
782.2038,42000
783.2194,42000
784.2469,42000
785.2977,41500
786.3007,41500
787.3149,41200
788.3251,41200
789.3383,41100
790.4029,41100
791.412,40800
792.457,40300
793.4957,40100
794.5399,40000
795.5605,40000
796.5857,39900
797.6038,39800
798.6212,39200
799.6355,39000
800.663,39000
801.665,39000
802.6971,39000
803.7252,39000
804.7415,38800
805.7561,38600
806.7975,38500
807.8066,38400
808.8226,38400
809.824,38400
810.8586,38400
811.8904,37800
812.899,37600
813.9323,37300
814.9482,37300
815.9565,37200
816.9897,37200
818.0287,36800
819.0352,36200
820.0625,36000
821.0638,36000
822.0825,36000
823.1185,36000
824.217,36000
825.2368,35100
826.2582,35000
827.2846,35000
828.3174,35000
829.3569,34900
830.3839,34700
831.4211,34300
832.4265,34000
833.4381,33900
834.467,33800
835.5049,33800
836.5248,33800
837.5704,33700
838.5947,33400
839.6214,33400
840.6518,33400
841.671,33400
842.6957,33400
843.7332,33300
844.7344,32700
845.7569,32500
846.7795,32500
847.7883,32500
848.8134,32500
849.8526,32500
850.874,31800
851.8934,31300
852.9045,31100
853.9105,31100
854.9297,31100
855.946,30800
856.9598,29800
857.9943,29600
859.0016,29400
860.0532,29000
861.0668,28400
862.0792,28300
863.1017,28300
864.1099,27400
865.1174,27200
866.1432,27200
867.1659,26800
868.192,26700
869.2186,26600
870.2237,26200
871.2571,25700
872.2714,25700
873.2992,25700
874.3159,25700
875.3218,25700
876.36,25400
877.3694,25100
878.3737,25000
879.3947,25000
880.4263,24800
881.4623,24700
882.4673,24400
883.4846,24000
884.5165,24000
885.5205,23900
886.5319,23900
887.5373,23800
888.5456,23700
889.5859,23400
890.6004,23400
891.6494,23300
892.6546,23300
893.6638,23100
894.6869,23100
895.7036,22500
896.733,22400
897.7745,22200
898.796,22200
899.808,21900
900.8282,21800
901.8474,21400
902.8576,21400
903.8701,21300
904.8756,21300
905.894,21100
906.9197,21100
907.9233,20700
908.9455,20400
909.9615,20400
910.9662,20300
912.0017,20300
913.0219,20300
914.0304,20100
915.062,20000
916.074,20000
917.0759,20000
918.0934,20000
919.1037,20000
920.1481,19500
921.1911,19500
922.2206,19100
923.2379,18800
924.288,18600
925.3057,18000
926.3398,17800
927.351,17500
928.3571,17200
929.3723,17200
930.3782,16700
931.3892,16700
932.4388,16600
933.4755,16300
934.4836,16100
935.5059,16000
936.5095,16000
937.5225,16000
938.5394,15900
939.5728,15800
940.6026,15500
941.6325,15500
942.6525,15400
943.6841,15400
944.7052,15400
945.7141,15400
946.7444,15300
947.7628,15300
948.7918,15100
949.7924,15100
950.8492,14800
951.85,14800
952.8507,14600
953.8655,14500
954.8711,14500
955.8973,14500
956.9174,14200
957.9297,14100
958.9563,14100
959.9814,14100
960.9969,14100
962.0129,14100
963.0337,13700
964.034,13700
965.0384,13700
966.0432,13700
967.0643,13700
968.0784,13700
969.1125,13400
970.1439,13400
971.1495,13400
972.1729,13200
973.2001,13200
974.2089,13100
975.2279,13100
976.2577,13100
977.2798,13000
978.309,13000
979.3259,13000
980.346,12800
981.3545,12800
982.3581,12800
983.3731,12800
984.4001,12800
985.4071,12800
986.424,12600
987.4562,12600
988.4586,12600
989.487,12500
990.5203,12500
991.5579,12500
992.5659,12500
993.5886,12500
994.6147,12500
995.6386,12500
996.6479,12500
997.6581,12500
998.6632,12300
999.6757,12300
1000.677,12200
1001.685,12200
1002.706,12100
1003.725,11900
1004.739,11800
1005.758,11700
1006.778,11700
1007.792,11700
1008.908,11700
1009.931,11700
1010.969,11700
1011.996,11700
1013.004,11700
1014.038,11700
1015.078,11600
1016.103,11500
1017.131,11500
1018.133,11400
1019.163,11400
1020.183,11000
1021.2,10800
1022.228,10800
1023.244,10700
1024.272,10700
1025.275,10600
1026.312,10500
1027.315,10400
1028.342,10400
1029.361,10200
1030.382,10200
1031.421,10200
1032.445,10200
1033.456,10200
1034.487,10200
1035.496,10200
1036.502,10200
1037.593,10200
1038.615,10100
1039.644,10100
1040.67,10100
1041.69,10100
1042.69,10100
1043.712,10000
1044.724,9900
1045.736,9800
1046.746,9800
1047.757,9800
1048.806,9800
1049.828,9800
1050.832,9800
1051.849,9800
1052.893,9800
1053.9,9800
1054.929,9800
1055.935,9800
1056.943,9800
1057.956,9800
1058.988,9800
1059.991,9700
1061.013,9600
1062.014,9500
1063.024,9500
1064.026,9500
1065.047,9400
1066.084,9400
1067.114,9200
1068.123,9200
1069.139,9200
1070.165,9200
1071.179,9200
1072.217,9200
1073.241,9000
1074.27,9000
1075.279,9000
1076.307,9000
1077.328,9000
1078.352,9000
1079.369,9000
1080.375,9000
1081.395,9000
1082.396,9000
1083.432,9000
1084.433,9000
1085.436,9000
1086.439,9000
1087.464,9000
1088.467,9000
1089.493,8900
1090.52,8900
1091.523,8900
1092.537,8800
1093.547,8800
1094.552,8800
1095.568,8800
1096.613,8800
1097.614,8800
1098.63,8800
1099.651,8700
1100.681,8700
1101.729,8700
1102.762,8700
1103.769,8700
1104.786,8700
1105.829,8700
1106.853,8700
1107.855,8700
1108.87,8700
1109.982,8500
1110.997,8400
1112.01,8400
1113.035,8300
1114.063,8300
1115.082,8200
1116.105,8000
1117.113,8000
1118.116,8000
1119.12,8000
1120.155,7800
1121.2,7800
1122.203,7800
1123.218,7800
1124.22,7600
1125.24,7600
1126.25,7500
1127.254,7400
1128.286,7400
1129.319,7400
1130.356,7400
1131.398,7300
1132.463,7300
1133.467,7300
1134.503,7300
1135.525,7300
1136.547,7200
1137.58,7200
1138.601,7000
1139.635,7000
1140.638,7000
1141.665,7000
1142.691,7000
1143.717,6900
1144.747,6900
1145.75,6900
1146.757,6900
1147.786,6900
1148.816,6900
1149.817,6900
1150.817,6900
1151.948,6900
1152.948,6900
1153.964,6900
1155.027,6900
1156.031,6900
1157.051,6900
1158.052,6900
1159.084,6900
1160.105,6900
1161.11,6900
1162.137,6900
1163.168,6900
1164.175,6900
1165.185,6900
1166.214,6900
1167.224,6900
1168.277,6900
1169.291,6900
1170.303,6900
1171.318,6800
1172.352,6800
1173.38,6800
1174.408,6800
1175.451,6800
1176.492,6800
1177.51,6800
1178.531,6800
1179.559,6700
1180.584,6700
1181.584,6700
1182.615,6500
1183.646,6500
1184.677,6500
1185.692,6500
1186.721,6500
1187.742,6500
1188.77,6300
1189.82,6300
1190.821,6200
1191.829,6200
1192.837,6200
1193.846,6200
1194.861,6200
1195.862,6200
1196.911,6200
1197.918,6200
1198.928,6200
1199.95,6100
1200.96,6000
1201.98,5800
1203.006,5800
1204.026,5800
1205.047,5800
1206.049,5800
1207.073,5800
1208.094,5800
1209.107,5800
1210.141,5800
1211.148,5800
1212.17,5700
1213.172,5700
1214.201,5700
1215.225,5600
1216.372,5600
1217.4,5500
1218.405,5500
1219.415,5500
1220.444,5400
1221.473,5300
1222.483,5300
1223.51,5300
1224.535,5300
1225.561,5200
1226.629,5100
1227.646,5000
1228.674,4900
1229.876,4900
1231.073,4900
1232.103,4900
1233.216,4800
1234.52,4800
1235.583,4700
1236.596,4600
1237.665,4600
1238.668,4400
1239.853,4400
1240.9,4400
1241.907,4400
1242.946,4400
1243.952,4200
1244.985,4200
1246,4200
1247.027,4100
1248.048,4100
1249.08,4100
1250.104,4100
1251.135,4100
1252.197,4100
1253.219,4100
1254.249,4100
1255.266,4100
1256.283,4100
1257.297,4100
1258.307,4100
1259.337,4000
1260.353,4000
1261.366,3900
1262.38,3900
1263.428,3800
1264.45,3800
1265.459,3800
1266.471,3800
1267.481,3800
1268.492,3700
1269.521,3600
1270.532,3600
1271.55,3600
1272.581,3600
1273.611,3600
1274.639,3600
1275.654,3600
1276.666,3600
1277.669,3600
1278.687,3600
1279.696,3600
1280.727,3600
1281.73,3600
1282.734,3600
1283.752,3500
1284.793,3500
1285.796,3500
1286.817,3500
1287.835,3500
1288.864,3400
1289.907,3300
1290.915,3300
1291.94,3300
1292.951,3300
1293.953,3300
1294.955,3200
1295.958,3200
1296.969,3200
1297.991,3200
1299.018,3200
1300.025,3200
1301.072,3100
1302.107,3000
1303.146,3000
1304.214,3000
1305.255,3000
1306.257,2900
1307.279,2800
1308.295,2800
1309.32,2800
1310.346,2800
1311.374,2800
1312.376,2800
1313.411,2800
1314.447,2800
1315.456,2800
1316.466,2800
1317.467,2700
1318.515,2700
1319.531,2700
1320.548,2700
1321.578,2600
1322.591,2600
1323.605,2600
1324.607,2600
1325.619,2600
1326.675,2600
1327.701,2600
1328.729,2600
1329.75,2600
1330.768,2500
1331.772,2400
1332.778,2400
1333.84,2300
1334.869,2300
1335.888,2100
1336.935,2100
1337.958,2100
1338.98,2100
1339.984,2100
1340.996,2100
1342.006,2100
1343.031,2100
1344.045,2100
1345.051,2100
1346.058,2000
1347.062,2000
1348.082,1900
1349.109,1900
1350.13,1900
1351.145,1900
1352.175,1900
1353.195,1900
1354.206,1900
1355.216,1900
1356.237,1900
1357.237,1900
1358.268,1900
1359.271,1800
1360.29,1800
1361.3,1800
1362.339,1800
1363.351,1800
1364.378,1800
1365.422,1800
1366.428,1800
1367.432,1800
1368.464,1800
1369.483,1800
1370.521,1800
1371.542,1400
1372.557,1400
1373.588,1400
1374.621,1400
1375.64,1400
1376.65,1400
1377.679,1400
1378.714,1400
1379.736,1400
1380.752,1400
1381.773,1400
1382.806,1400
1383.833,1400
1384.854,1400
1385.886,1400
1386.912,1400
1387.93,1400
1388.961,1400
1389.976,1400
1390.989,1400
1392.015,1400
1393.033,1400
1394.056,1400
1395.08,1400
1396.107,1400
1397.107,1400
1398.141,1400
1399.161,1400
1400.181,1400
1401.223,1300
1402.236,1300
1403.275,1300
1404.276,1300
1405.355,1300
1406.361,1200
1407.388,1200
1408.409,1100
1409.434,1100
1410.463,1100
1411.474,1100
1412.493,1100
1413.53,1000
1414.549,900
1415.577,900
1416.577,900
1417.616,900
1418.651,800
1419.673,800
1420.686,800
1421.716,800
1422.745,800
1423.754,800
1424.774,800
1425.786,700
1426.788,600
1427.796,600
1428.799,600
1429.828,600
1430.859,600
1431.873,600
1432.901,600
1433.911,600
1434.954,600
1435.965,600
1436.981,600
1437.982,600
1438.997,600
1440.029,600
1441.045,600
1442.069,600
1443.086,600
1444.144,600
1445.167,600
1446.196,600
1447.228,600
1448.229,600
1449.26,600
1450.276,600
1451.306,600
1452.318,600
1453.328,600
1454.349,600
1455.369,600
1456.391,600
1457.403,600
1458.403,600
1459.425,600
1460.455,600
1461.461,500
1462.489,500
1463.497,500
1464.5,500
1465.527,500
1466.531,500
1467.556,500
1468.557,500
1469.564,400
1470.582,400
1471.591,400
1472.609,400
1473.639,400
1474.644,400
1475.677,400
1476.693,400
1477.717,400
1478.721,400
1479.746,300
1480.769,200
1481.781,200
1482.782,200
1483.808,200
1484.818,200
1485.846,200
1486.869,200
1487.893,200
1488.913,200
1489.947,200
1490.976,200
1491.988,200
1493.005,200
1494.016,200
1495.036,200
1496.046,200
1497.073,200
1498.136,200
1499.161,200
1500.182,200
1501.189,200
1502.197,200
1503.213,100
1504.226,100
1505.27,100
1506.288,100
1507.342,100
1508.377,100
1509.38,100
1510.398,100
1511.407,100
1512.413,100
1513.42,100
1514.438,100
1515.448,100
1516.472,100
1517.491,100
1518.522,100
1519.541,100
1520.573,100
1521.599,100
1522.607,100
1523.617,100
1524.634,100
1525.662,100
1526.679,100
1527.694,100
1528.716,100
1529.742,100
1530.772,100
1531.8,100
1532.802,100
1533.82,100
1534.852,100
1535.866,100
1536.872,100
1537.895,100
1538.896,100
1539.905,100
1540.907,100
1541.936,100
1542.958,100
1543.96,100
1544.986,100
1546.02,100
1547.041,100
1548.052,100
1549.084,100
1550.09,100
1551.123,100
1552.13,100
1553.151,100
1554.152,100
1555.175,100
1556.207,100
1557.234,100
1558.234,100
1559.251,100
1560.275,100
1561.299,100
1562.306,100
1563.314,100
1564.327,100
1565.332,100
1566.332,100
1567.369,100
1568.405,100
1569.408,100
1570.45,100
1571.476,100
1572.48,100
1573.483,100
1574.515,100
1575.528,100
1576.539,100
1577.544,100
1578.558,100
1579.576,100
1580.601,100
1581.63,100
1582.667,100
1583.697,100
1584.718,100
1585.718,100
1586.763,100
1587.791,100
1588.805,100
1589.818,100
1590.834,100
1591.835,100
1592.863,100
1593.922,100
1594.929,100
1595.96,100
1596.969,100
1598.003,100
1599.022,100
1600.031,100
1601.046,100
1602.073,100
1603.099,100
1604.132,100
1605.149,100
1606.199,100
1607.208,100
1608.225,100
1609.236,100
1610.244,100
1611.27,100
1612.28,100
1613.299,100
1614.304,100
1615.305,100
1616.332,100
1617.384,100
1618.432,100
1619.436,100
1620.474,100
1621.539,100
1622.543,100
1623.565,100
1624.591,100
1625.617,100
1626.645,100
1627.646,100
1628.675,100
1629.686,100
1630.701,100
1631.703,100
1632.711,100
1633.723,100
1634.735,100
1635.739,100
1636.746,100
1637.764,100
1638.768,100
1639.82,100
1640.828,100
1641.839,100
1642.854,100
1643.889,100
1644.898,100
1645.916,100
1646.947,100
1647.955,100
1648.976,100
1650.012,100
1651.044,100
1652.063,100
1653.074,100
1654.127,100
1655.153,0
1656.166,0
1657.186,0
1658.208,0
