0;-582.0438,2,46.07697
6;-583.5669,2,46.89141
8;-583.2026,2,47.34632
2;-585.9686,2,48.97137
4;-587.5518,2,50.32205
2;-582.9422,2,50.39063
13;-586.1019,2,51.92914
9;-587.8946,2,52.65176
12;-583.4736,2,52.83125
9;-584.4349,2,53.77081
0;-585.0513,2,55.31252
0;-586.8407,2,55.99546
0;-587.8071,2,57.13905
11;-581.2428,2,56.99885
7;-586.8989,2,59.04096
0;-584.6942,2,59.55876
11;-583.4843,2,60.45248
6;-581.7465,2,60.86799
4;-581.0529,2,61.61407
8;-580.4821,2,62.12447
5;-585.4579,2,63.82842
12;-580.9266,2,64.33788
8;-579.993,2,65.25581
1;-579.6627,2,66.24529
11;-586.1435,2,67.22578
0;-583.3781,2,68.52771
11;-583.414,2,68.86108
6;-581.4511,2,69.43967
2;-584.2974,2,70.89042
4;-585.2335,2,71.64082
2;-581.3337,2,72.05796
10;-582.8177,2,73.5048
8;-583.1245,2,74.3543
12;-585.7164,2,75.32449
6;-583.7847,2,76.0496
5;-585.089,2,77.20412
13;-578.6459,2,77.70662
8;-579.0809,2,78.12922
13;-583.2823,2,80.17042
5;-579.851,2,80.62865
11;-581.162,2,81.20795
6;-581.5015,2,82.04439
0;-581.1303,2,83.20239
5;-579.3321,2,84.04141
2;-581.2308,2,85.20924
0;-580.9859,2,86.05415
1;-584.6168,2,86.82249
0;-581.8185,2,87.54955
2;-579.4489,2,88.41779
8;-582.1517,2,89.30336
9;-579.0679,2,90.39352
9;-577.5063,2,90.83047
10;-578.4359,2,91.49944
1;-580.1632,2,92.53028
1;-579.7982,2,93.49287
0;-582.0223,2,94.47594
12;-578.497,2,95.35634
5;-577.8679,2,96.27711
12;-579.7608,2,97.53387
8;-582.0444,2,98.22826
9;-579.3387,2,98.72264
0;-577.9749,2,100.0935
3;-577.8641,2,100.4651
12;-579.3573,2,101.7527
1;-578.0234,2,102.2772
7;-576.2399,2,103.0416
1;-582.6275,2,104.612
0;-581.6657,2,105.7651
7;-581.8652,2,106.2056
13;-579.9213,2,106.7095
0;-578.8033,2,107.3758
4;-582.3302,2,108.8427
11;-582.0926,2,109.7882
13;-581.9764,2,111.0729
1;-578.8347,2,111.7655
3;-580.011,2,112.3162
5;-578.8682,2,113.4149
2;-576.7339,2,113.9389
2;-579.4557,2,115.0034
11;-579.8683,2,116.1709
8;-577.8634,2,116.4644
6;-580.4428,2,118.0359
12;-579.3234,2,118.5875
5;-575.0676,2,118.7789
12;-574.3378,2,119.5982
11;-578.8359,2,121.0943
8;-579.9869,2,121.7359
3;-578.9057,2,123.2347
5;-575.5883,2,123.0149
9;-579.9318,2,124.463
0;-579.7195,2,125.8559
3;-577.5007,2,126.6735
7;-574.8965,2,126.6091
13;-576.7267,2,128.3873
10;-577.6808,2,129.1323
0;-573.5848,2,129.2088
1;-579.1579,2,130.8647
0;-573.1241,2,130.8781
9;-574.124,2,131.9511
12;-574.5259,2,133.024
5;-578.6603,2,134.7939
4;-573.6599,2,134.8273
12;-579.3794,2,136.1209
12;-576.9788,2,137.2584
6;-575.776,2,137.6691
0;-575.3454,2,138.2472
12;-576.2682,2,139.7126
2;-574.7284,2,140.5213
5;-573.4279,2,141.2401
7;-572.5604,2,141.5282
7;-573.673,2,143.0559
8;-574.4575,2,143.8362
1;-576.2109,2,145.2702
7;-576.3066,2,146.0515
2;-575.7933,2,146.4056
10;-577.0455,2,147.8454
4;-575.9918,2,147.9829
3;-575.191,2,149.3507
6;-577.04,2,150.2049
2;-575.1985,2,150.651
11;-575.046,2,151.786
8;-573.576,2,152.4885
0;-575.9427,2,154.1642
6;-570.9241,2,154.2562
0;-573.6862,2,154.9632
0;-572.0411,2,156.0978
1;-571.6584,2,157.03
4;-577.3648,2,158.0565
11;-575.3334,2,159.0088
9;-572.5942,2,159.4744
7;-570.6484,2,160.0514
7;-572.2332,2,161.2591
12;-576.2733,2,162.8483
11;-570.4998,2,162.6583
10;-575.185,2,164.1463
5;-571.6711,2,164.9425
3;-572.3805,2,166.2649
8;-575.4899,2,166.7807
9;-572.3527,2,167.6905
10;-574.938,2,169.0101
9;-573.4476,2,169.7534
2;-574.5942,2,170.6665
3;-570.629,2,171.3141
5;-574.4968,2,172.0294
10;-570.1209,2,173.0107
0;-574.1084,2,173.6748
12;-569.749,2,174.0773
5;-570.6654,2,175.2777
0;-571.465,2,176.8522
5;-569.7296,2,177.5428
9;-573.0981,2,178.3293
12;-568.5465,2,178.7049
2;-574.1022,2,179.8923
6;-571.9987,2,180.716
9;-574.392,2,182.0855
2;-572.5883,2,183.2143
0;-573.6058,2,183.7477
4;-570.4384,2,184.3558
7;-574.4393,2,185.5968
11;-569.0575,2,186.0775
4;-573.0351,2,187.2373
1;-568.2153,2,187.4876
7;-572.84,2,188.9421
2;-570.7684,2,189.455
11;-569.0081,2,190.3826
13;-571.4567,2,191.3293
6;-568.8131,2,192.2636
13;-566.5662,2,193.0838
5;-573.1095,2,194.4977
11;-571.8917,2,194.7951
7;-566.2921,2,195.088
2;-570.9323,2,196.5518
0;-571.7971,2,198.1078
13;-566.5718,2,197.9673
9;-569.7732,2,199.7439
7;-567.9402,2,199.8786
5;-571.0403,2,201.4278
6;-570.026,2,202.4422
9;-569.9435,2,203.1202
1;-572.3186,2,203.68
9;-568.5861,2,204.3395
9;-565.8222,2,205.1464
7;-566.5765,2,206.5138
8;-566.6262,2,207.1507
4;-566.2144,2,208.2311
4;-569.2497,2,209.3655
9;-571.6375,2,210.5821
4;-567.0889,2,210.8556
3;-565.4338,2,211.488
12;-565.006,2,212.0565
13;-569.1183,2,213.1852
8;-564.8104,2,214.0528
13;-564.1903,2,214.5896
12;-570.9548,2,216.7159
6;-569.1452,2,217.5159
12;-569.0533,2,218.1785
10;-570.282,2,218.9868
10;-563.851,2,219.5171
8;-570.1595,2,221.1245
0;-566.2974,2,221.3552
7;-570.499,2,222.6057
11;-567.4144,2,223.3793
4;-565.9201,2,223.8275
8;-570.3018,2,225.3612
8;-563.5308,2,225.5188
7;-568.616,2,227.1906
6;-566.4827,2,227.431
9;-567.5785,2,228.2329
13;-567.2903,2,229.68
1;-566.4011,2,230.5695
6;-563.6246,2,231.1643
9;-568.9624,2,232.5488
2;-567.2851,2,232.8901
5;-562.7237,2,233.3589
9;-564.4177,2,234.5751
13;-568.9795,2,235.9208
12;-562.3087,2,236.3655
8;-564.3211,2,236.9193
13;-567.8133,2,238.7572
8;-566.6304,2,238.854
3;-566.1845,2,240.4172
13;-568.6758,2,241.0212
11;-568.5444,2,241.8891
3;-567.1782,2,243.1069
10;-566.7454,2,243.6857
7;-562.7095,2,244.1305
8;-564.1535,2,244.7633
12;-561.7626,2,245.5637
7;-567.0074,2,246.9946
5;-563.3923,2,247.8226
2;-567.592,2,248.6798
1;-565.8242,2,250.0848
5;-566.6508,2,250.7248
3;-566.2,2,251.3274
3;-565.4872,2,252.0884
10;-561.778,2,252.6558
3;-563.509,2,253.927
1;-564.2693,2,255.1714
0;-561.4647,2,255.6865
5;-563.9009,2,256.6245
5;-564.3651,2,257.5508
6;-562.6854,2,258.2197
9;-562.0772,2,259.0363
6;-566.3286,2,260.2769
1;-559.8217,2,260.8032
2;-562.6014,2,261.6683
10;-564.7177,2,263.3053
2;-559.4826,2,263.7574
2;-559.9646,2,264.2286
3;-561.4241,2,265.2538
10;-565.4161,2,267.0566
4;-564.0841,2,267.7458
8;-561.7543,2,267.6065
1;-564.2659,2,269.3487
6;-562.8512,2,269.9225
7;-560.0659,2,270.0938
4;-561.8912,2,271.3194
0;-565.2523,2,272.742
1;-559.175,2,272.64
0;-560.4082,2,273.8741
4;-579.6597,2,45.12585
1;-575.4893,2,46.03355
3;-580.3605,2,47.28275
12;-580.1566,2,48.01966
6;-580.607,2,49.48727
11;-576.4924,2,49.51355
12;-578.03,2,50.98177
6;-575.7101,2,51.62317
3;-576.0731,2,51.85708
2;-577.0909,2,52.9815
7;-577.5056,2,54.27621
2;-577.5911,2,55.14
9;-579.9572,2,56.09409
10;-578.3103,2,56.87702
4;-576.219,2,57.75928
10;-579.2438,2,59.16942
3;-578.7495,2,59.92024
0;-579.3533,2,61.04855
12;-578.5072,2,61.76977
4;-573.3022,2,61.65587
10;-573.1788,2,62.84573
10;-574.8461,2,64.1511
2;-575.5286,2,64.72638
13;-573.2266,2,65.59189
13;-574.3473,2,66.25057
10;-577.8552,2,67.50869
8;-576.7775,2,68.41943
3;-572.2693,2,68.81893
6;-572.5483,2,70.08269
5;-578.7744,2,71.19115
11;-575.9623,2,71.54115
8;-573.8309,2,72.96316
3;-577.3965,2,73.36039
4;-576.7093,2,74.73159
3;-574.7017,2,75.59998
7;-575.3835,2,75.83586
0;-574.0359,2,77.18266
7;-574.8396,2,77.74953
3;-571.5811,2,78.74333
9;-571.2246,2,79.31147
8;-574.9053,2,81.07899
2;-577.5433,2,81.39481
1;-571.7899,2,81.76343
5;-574.061,2,83.02158
9;-573.9633,2,84.27405
13;-572.9286,2,84.71589
12;-573.9558,2,85.99715
3;-574.6676,2,87.27079
9;-575.9741,2,88.09751
0;-573.3008,2,88.23605
6;-570.6105,2,89.03119
5;-571.7197,2,89.94888
1;-576.1456,2,91.30077
5;-575.6475,2,92.37453
1;-575.978,2,93.28086
8;-574.952,2,93.74818
4;-570.5674,2,94.72496
9;-575.303,2,95.4924
8;-571.4916,2,96.19345
5;-570.1055,2,96.95837
8;-573.3003,2,98.0513
4;-569.7491,2,98.43233
12;-569.1765,2,99.31464
13;-574.8491,2,100.8464
12;-570.2473,2,101.6346
10;-575.3198,2,102.8816
2;-568.6782,2,103.5685
6;-575.2136,2,104.4982
0;-573.5146,2,105.6371
10;-571.6025,2,105.7362
11;-571.324,2,107.3953
11;-572.1899,2,107.8232
13;-568.2288,2,108.5947
13;-573.8958,2,110.3566
6;-570.8156,2,110.1683
8;-569.696,2,111.3689
8;-568.8808,2,111.8097
12;-568.8862,2,112.9787
3;-570.6263,2,113.7334
10;-567.9279,2,114.7448
1;-569.3348,2,115.4078
11;-568.5664,2,116.8756
1;-572.5017,2,117.5695
1;-572.1776,2,118.3271
12;-568.6554,2,118.8209
12;-570.3856,2,120.1285
4;-568.9576,2,120.7858
3;-567.7759,2,121.4578
11;-568.08,2,122.8589
12;-570.2166,2,123.8192
0;-568.2606,2,124.6925
2;-569.689,2,125.2379
13;-568.9642,2,126.5055
12;-569.7556,2,126.9662
1;-569.0704,2,128.3894
4;-568.9439,2,128.6611
6;-567.0283,2,129.5532
6;-567.3678,2,130.9989
2;-566.921,2,131.2534
12;-570.0142,2,132.9485
3;-571.1226,2,133.625
12;-572.0056,2,134.2575
11;-569.6646,2,135.2697
11;-571.1119,2,135.928
6;-572.2382,2,137.0083
5;-565.3525,2,137.7034
3;-568.8774,2,138.5363
1;-568.9803,2,139.9759
2;-565.655,2,140.0971
6;-568.851,2,141.6211
11;-567.1563,2,141.7633
3;-568.363,2,142.8198
10;-568.137,2,144.4099
8;-564.97,2,144.9627
0;-564.5061,2,145.2208
9;-565.0689,2,146.6204
12;-566.9003,2,147.8185
6;-566.7366,2,148.047
12;-570.6725,2,149.6066
4;-567.4573,2,150.2043
5;-565.374,2,150.5448
4;-565.5305,2,151.8607
9;-567.1866,2,153.1531
3;-570.2612,2,153.9395
4;-566.2977,2,154.1397
4;-565.3038,2,155.6999
1;-569.9897,2,156.327
6;-566.7147,2,156.8035
9;-563.8962,2,157.7573
2;-564.1006,2,158.5274
12;-567.3337,2,159.8443
13;-565.9332,2,160.4174
13;-567.7914,2,161.8351
6;-565.7875,2,162.2574
4;-562.2702,2,163.2403
1;-566.4042,2,164.4944
7;-565.1373,2,164.9443
10;-564.8605,2,165.8282
2;-565.6969,2,166.5617
2;-565.7529,2,168.173
6;-566.3604,2,168.5666
5;-563.5537,2,169.0984
9;-566.7437,2,170.6342
2;-568.3244,2,171.908
3;-565.7596,2,172.0704
5;-562.8834,2,173.2522
5;-562.2906,2,173.6044
9;-562.1266,2,174.2896
4;-564.9448,2,175.9237
0;-561.6439,2,176.6208
10;-566.0229,2,177.6061
11;-565.709,2,178.9019
8;-561.2809,2,179.3444
0;-566.1433,2,180.6533
4;-564.9285,2,181.2346
1;-562.096,2,181.9806
6;-561.3208,2,182.4478
9;-563.1301,2,183.3869
9;-564.9595,2,184.4278
11;-560.3696,2,185.1169
2;-565.8041,2,186.2377
8;-563.5458,2,186.9111
1;-564.9417,2,188.1871
6;-563.1178,2,188.5338
0;-561.8896,2,189.8305
1;-560.6958,2,190.1063
0;-564.4194,2,191.8178
3;-560.5134,2,191.9734
9;-562.3023,2,193.6064
4;-566.1688,2,194.3325
4;-561.1469,2,195.3031
13;-559.131,2,195.6107
7;-559.0038,2,196.8499
11;-562.9672,2,198.2207
13;-562.294,2,198.8408
11;-564.5493,2,199.4047
7;-560.0235,2,200.3978
3;-565.4996,2,201.7657
7;-564.6736,2,202.3894
8;-558.777,2,202.3742
5;-559.3146,2,204.0781
10;-558.785,2,204.8998
2;-557.95,2,205.7246
1;-562.962,2,207.0428
1;-564.8464,2,207.9628
6;-560.3545,2,208.1128
5;-563.3364,2,209.2474
11;-558.4249,2,209.3641
7;-562.5859,2,210.7407
8;-562.7118,2,211.7467
1;-562.7737,2,212.8926
10;-563.9683,2,213.9321
3;-561.5076,2,214.276
1;-558.1644,2,215.3546
1;-562.0605,2,216.1534
3;-560.6694,2,217.3658
9;-561.1224,2,218.3029
11;-562.3329,2,219.1146
4;-563.4614,2,220.3598
1;-556.3854,2,220.1694
1;-559.0336,2,221.3594
5;-562.3499,2,222.7532
4;-557.6096,2,223.2412
3;-558.5247,2,224.0815
1;-561.5304,2,224.8802
3;-557.7467,2,225.4614
9;-560.2401,2,226.8678
0;-562.6839,2,228.293
10;-558.2451,2,228.8491
0;-556.1473,2,228.7549
10;-558.9407,2,230.7488
1;-558.6169,2,230.9204
8;-562.1835,2,232.3529
3;-557.489,2,232.6669
4;-560.3749,2,234.0239
0;-561.6394,2,235.2152
13;-560.1757,2,236.2408
4;-557.2552,2,236.7139
4;-556.3571,2,237.2464
11;-560.8437,2,238.7246
13;-561.5559,2,239.2065
4;-555.5353,2,239.3227
13;-559.0566,2,241.1963
11;-561.1193,2,241.8726
6;-560.212,2,243.2377
3;-557.0922,2,243.1734
0;-554.8292,2,244.5166
5;-555.7842,2,245.2208
7;-560.6304,2,246.6927
10;-554.5045,2,246.7175
5;-553.9918,2,247.7996
10;-555.9272,2,248.5001
13;-558.0443,2,249.5812
11;-554.9842,2,250.1767
3;-559.7385,2,251.7935
1;-553.062,2,251.6967
5;-558.7905,2,253.4932
1;-558.217,2,253.988
10;-555.7541,2,254.5284
1;-554.1483,2,255.4394
11;-556.4499,2,256.4875
3;-558.207,2,258.2218
4;-558.4645,2,259.1581
1;-554.1488,2,258.904
0;-554.5721,2,260.2453
0;-558.0209,2,261.5858
13;-557.4743,2,262.4685
11;-554.2115,2,262.4349
3;-556.8232,2,263.5401
2;-556.2621,2,264.519
5;-553.5899,2,265.643
7;-551.6954,2,266.3399
0;-557.8709,2,268.0146
5;-553.5482,2,268.4828
5;-556.1159,2,269.4429
10;-552.6796,2,269.3072
1;-556.0109,2,270.7562
1;-553.5392,2,271.6705
5;-554.6827,2,272.2673
1;-552.4079,2,273.5413
1;-570.4282,2,45.01498
13;-573.337,2,45.65866
0;-573.0046,2,46.81443
0;-570.9183,2,46.95033
0;-570.7285,2,47.78648
10;-572.2061,2,49.02862
5;-568.3492,2,49.69144
1;-569.7218,2,50.30618
1;-566.6552,2,51.20216
5;-571.2488,2,52.26808
3;-571.1571,2,53.30049
2;-570.5593,2,54.08637
13;-572.4584,2,55.32011
0;-568.087,2,55.56679
7;-570.6213,2,57.37054
10;-571.1621,2,58.20293
2;-570.9621,2,58.52198
4;-566.2999,2,59.18923
5;-570.2007,2,60.38845
6;-566.7226,2,61.32908
5;-570.2601,2,62.58965
1;-567.3842,2,63.25485
4;-568.775,2,64.29758
13;-569.1185,2,65.20853
5;-565.8604,2,65.12718
5;-569.6731,2,67.19107
13;-571.8538,2,67.66377
5;-565.1567,2,68.20136
0;-571.5021,2,69.31835
2;-564.6691,2,69.48135
0;-564.6848,2,71.08349
5;-570.072,2,72.38117
1;-570.6954,2,73.37968
10;-566.1599,2,73.799
10;-570.7948,2,74.52939
4;-565.9949,2,74.89536
5;-568.4578,2,76.3495
5;-566.5712,2,77.32965
2;-570.0563,2,78.64625
7;-564.6024,2,78.48382
7;-570.4606,2,80.55437
4;-570.3281,2,80.66571
13;-565.4051,2,81.13306
6;-564.0114,2,81.91341
0;-568.9391,2,83.57391
4;-564.3366,2,84.39347
2;-567.5103,2,84.83962
2;-563.3849,2,85.54038
0;-568.6629,2,87.36664
4;-565.8765,2,87.34528
7;-564.1723,2,88.4062
2;-565.352,2,89.67775
3;-566.2857,2,90.71411
2;-566.1957,2,91.14999
7;-563.2548,2,92.30086
1;-568.003,2,93.22803
0;-566.5158,2,94.33232
7;-562.8706,2,94.52634
0;-566.9438,2,95.56021
1;-564.5377,2,96.52364
2;-564.3662,2,97.37453
6;-568.6572,2,98.52084
6;-566.3096,2,99.00656
1;-563.358,2,99.87405
2;-566.3516,2,101.1624
6;-564.1348,2,102.0572
6;-568.3569,2,103.5023
0;-567.8498,2,104.3266
3;-567.1072,2,105.1743
4;-566.3511,2,105.9954
5;-561.3886,2,105.9422
0;-566.0434,2,107.4256
2;-564.4185,2,108.3843
3;-561.8188,2,108.3502
2;-561.1547,2,109.7372
6;-564.9009,2,110.3872
0;-566.3818,2,111.8351
0;-566.3444,2,112.8351
4;-564.4402,2,113.5782
1;-564.2881,2,114.4733
0;-567.2177,2,115.0582
6;-564.1642,2,115.6462
0;-560.3859,2,116.3146
1;-564.4671,2,117.6096
4;-561.1013,2,118.244
0;-563.8218,2,119.4024
0;-565.1312,2,120.1581
4;-559.8691,2,121.1097
1;-559.7695,2,121.8992
4;-560.6725,2,122.6053
0;-565.891,2,124.4503
6;-563.1791,2,124.3999
5;-564.0535,2,125.464
2;-562.3566,2,126.2844
4;-559.1694,2,126.7281
0;-559.9196,2,128.452
2;-565.574,2,129.966
1;-562.9089,2,129.922
3;-560.5754,2,131.0658
3;-560.5605,2,131.5918
3;-565.1411,2,133.3006
3;-562.812,2,133.5302
6;-561.9888,2,134.3929
0;-563.9127,2,135.9833
4;-558.2059,2,136.0638
3;-558.194,2,136.8279
0;-564.4803,2,138.4768
2;-561.2758,2,139.0113
2;-563.8099,2,140.0647
2;-561.6636,2,140.6901
3;-563.78,2,141.7419
2;-558.6193,2,142.5024
1;-562.8845,2,143.6646
1;-561.7681,2,143.9517
1;-560.8748,2,144.7529
0;-557.459,2,145.6552
0;-562.9856,2,147.4129
4;-558.9894,2,147.6635
0;-557.9826,2,147.9817
0;-558.6179,2,149.0958
5;-562.161,2,150.4335
0;-561.6445,2,151.295
5;-558.1644,2,151.7695
5;-560.504,2,153.3056
1;-559.315,2,153.6588
1;-557.5388,2,154.3787
6;-561.1116,2,156.2134
6;-561.259,2,156.4012
3;-560.2967,2,157.2297
6;-558.6882,2,158.3071
0;-559.7171,2,158.8524
6;-560.138,2,160.362
1;-556.172,2,160.8168
3;-555.2617,2,161.4769
1;-561.3436,2,162.9989
0;-561.309,2,163.9432
5;-558.2476,2,164.7345
4;-556.4889,2,164.665
4;-556.243,2,166.2436
3;-560.6784,2,167.4169
1;-555.4617,2,167.2775
6;-559.2028,2,168.6818
5;-555.3513,2,169.3947
4;-558.7902,2,170.5141
4;-559.8007,2,171.523
3;-559.6661,2,172.9316
2;-554.8325,2,173.2865
2;-559.2235,2,174.6837
0;-556.1604,2,175.2207
5;-556.071,2,175.8386
6;-553.9534,2,176.7785
3;-558.9364,2,178.0079
1;-556.0949,2,178.4759
6;-559.1171,2,179.644
0;-557.3441,2,180.3277
0;-554.7544,2,181.2127
4;-559.6685,2,182.6772
1;-557.5522,2,182.7366
4;-555.1834,2,183.8207
1;-555.2667,2,184.193
0;-554.6337,2,185.439
2;-556.2577,2,186.2774
4;-558.1935,2,187.6659
2;-557.9385,2,188.5042
4;-555.8088,2,188.6656
1;-554.0571,2,189.6452
4;-553.3445,2,191.0188
5;-554.6311,2,191.561
0;-554.4761,2,192.2137
0;-551.8203,2,192.7562
4;-557.1913,2,194.7746
0;-553.9415,2,195.0102
3;-555.3467,2,196.0967
6;-554.1831,2,196.9523
5;-552.6988,2,197.632
6;-554.7464,2,198.3549
0;-555.0758,2,199.6478
6;-554.4254,2,200.7736
5;-555.9382,2,201.9224
3;-553.8831,2,202.1499
4;-553.9757,2,203.3723
5;-551.8207,2,203.9633
4;-553.7432,2,204.9417
6;-550.9095,2,205.5433
5;-554.5374,2,206.3757
0;-553.1909,2,207.7309
1;-554.8053,2,208.3055
1;-551.4717,2,208.8125
1;-554.0638,2,210.425
0;-555.1984,2,210.8387
5;-552.0834,2,212.2204
5;-554.8977,2,212.7052
4;-550.2205,2,213.6793
0;-551.5425,2,214.2584
4;-550.512,2,215.63
0;-556.4822,2,216.9713
6;-553.3472,2,217.1523
2;-550.4861,2,217.8917
1;-556.3293,2,219.3942
6;-552.968,2,219.8163
5;-551.8913,2,220.7395
2;-555.075,2,221.6843
1;-554.7906,2,222.3709
2;-553.1685,2,223.7104
5;-554.5477,2,224.2642
1;-552.3565,2,225.5388
4;-552.3237,2,225.6482
0;-548.841,2,226.3566
6;-549.5703,2,227.5925
3;-552.9694,2,229.1695
1;-549.4674,2,229.0118
3;-550.7021,2,230.4152
3;-551.6194,2,231.54
0;-551.75,2,232.6414
2;-549.7325,2,232.8791
5;-553.9742,2,233.9266
3;-553.5262,2,235.4916
0;-550.7542,2,236.0625
5;-548.3609,2,235.9333
0;-547.725,2,237.228
1;-551.1978,2,238.0061
1;-551.3157,2,238.8913
6;-547.7082,2,239.7684
6;-549.1935,2,240.9563
5;-549.1838,2,241.8758
2;-547.0032,2,242.7573
4;-551.9724,2,243.556
3;-546.796,2,244.3769
5;-546.5178,2,244.9283
2;-546.4221,2,246.2886
1;-547.8627,2,247.0076
6;-553.0776,2,248.8453
2;-551.3395,2,249.0685
2;-551.0286,2,249.8277
3;-548.9749,2,250.2115
0;-550.129,2,251.7955
2;-550.2106,2,252.5972
2;-550.6752,2,253.3721
1;-551.5844,2,254.2044
6;-546.0706,2,254.6092
0;-548.4027,2,256.1515
1;-551.0148,2,257.4826
5;-551.4164,2,258.3355
2;-549.3508,2,259.0233
0;-547.7858,2,259.7239
3;-548.6996,2,260.0651
6;-549.7692,2,261.6541
1;-549.7283,2,262.7479
3;-549.0419,2,263.2279
1;-551.4118,2,264.1947
6;-544.782,2,264.5881
0;-548.4359,2,265.6261
2;-547.868,2,266.3678
2;-550.4408,2,267.7523
1;-550.5436,2,268.8147
3;-545.3538,2,268.8298
5;-545.9788,2,269.7008
1;-549.4078,2,270.7342
3;-548.5161,2,271.5956
2;-544.4648,2,272.7091
0;-562.6073,2,44.14796
2;-560.9549,2,44.3814
4;-567.0153,2,45.72575
4;-566.7593,2,47.00728
4;-565.104,2,47.89899
2;-564.8832,2,48.80886
0;-565.6944,2,49.21292
5;-565.2683,2,50.2804
2;-561.7363,2,51.02988
6;-566.3465,2,52.5848
0;-565.9538,2,53.24517
1;-561.3693,2,53.07468
6;-563.7392,2,54.8347
2;-563.2438,2,55.1201
6;-559.8195,2,55.79435
1;-559.1033,2,56.9747
1;-562.5419,2,58.41908
0;-559.057,2,58.85453
4;-561.1318,2,59.69137
5;-563.3498,2,60.80326
0;-560.2504,2,61.29987
5;-559.9243,2,61.73656
2;-562.5869,2,62.99321
0;-564.4725,2,64.00682
3;-558.1888,2,64.46838
5;-560.065,2,65.60733
5;-564.0361,2,66.65845
4;-559.9717,2,67.46893
1;-560.5917,2,68.78904
5;-558.8981,2,69.2766
5;-558.6263,2,69.74193
5;-560.0471,2,70.69139
5;-562.8948,2,71.84996
3;-561.3829,2,73.29056
4;-561.1268,2,73.82656
6;-562.1029,2,74.96918
3;-561.0923,2,75.43558
2;-559.9143,2,76.53194
6;-560.2739,2,77.65965
5;-558.5208,2,78.06148
1;-560.7538,2,78.99288
0;-562.0268,2,80.00805
1;-562.2629,2,80.7246
3;-559.5925,2,81.70501
0;-560.1232,2,82.61341
4;-560.1296,2,83.19064
0;-558.1971,2,84.61987
5;-559.2453,2,85.53545
3;-559.361,2,86.27901
0;-556.2394,2,86.28907
3;-559.5539,2,88.00676
4;-557.181,2,89.01048
0;-561.5872,2,90.12257
4;-555.3702,2,90.47834
4;-561.3778,2,92.05263
3;-560.7743,2,92.56495
3;-561.2598,2,93.60259
0;-561.7667,2,93.97943
4;-559.5336,2,95.21688
3;-560.7502,2,96.15652
4;-557.0997,2,96.55324
1;-558.9237,2,97.57703
0;-555.969,2,98.0329
2;-555.7684,2,99.35603
1;-560.9879,2,100.6385
1;-560.6882,2,101.0188
1;-558.0552,2,101.873
4;-560.2085,2,102.7139
5;-555.6631,2,104.0137
4;-558.7189,2,104.6103
3;-556.6444,2,105.5114
6;-558.6622,2,106.2233
3;-559.3279,2,107.8369
4;-560.2208,2,108.8203
6;-554.3326,2,109.1271
4;-554.5309,2,109.4665
4;-555.1791,2,110.4089
2;-557.5724,2,111.6653
0;-558.9454,2,112.5152
5;-553.0738,2,113.1824
1;-558.3905,2,114.8171
4;-555.8115,2,115.2988
2;-556.4329,2,116.1752
1;-559.3539,2,117.7085
4;-557.149,2,118.281
5;-558.2999,2,119.1295
4;-556.1068,2,119.8807
1;-552.8306,2,120.0767
1;-552.325,2,121.1871
2;-553.415,2,121.7354
5;-555.4858,2,123.3018
3;-552.699,2,123.8637
1;-558.0948,2,125.4622
1;-557.6703,2,126.4505
1;-553.4953,2,126.4876
2;-557.8159,2,127.5598
4;-555.9305,2,128.2286
6;-557.9927,2,129.5204
4;-557.9773,2,130.528
6;-558.0811,2,131.3129
5;-557.5244,2,131.9222
4;-556.1833,2,132.9933
4;-557.0959,2,133.9551
5;-553.175,2,134.7427
6;-556.0035,2,135.6624
2;-553.8177,2,136.0986
1;-550.5125,2,136.8091
6;-554.2278,2,137.8392
1;-551.3803,2,138.9614
2;-556.0096,2,140.2245
6;-550.262,2,140.7596
4;-550.8829,2,141.4438
2;-553.9352,2,142.2186
3;-553.6431,2,143.1131
3;-551.8841,2,144.3703
3;-556.001,2,145.767
4;-553.1755,2,146.4742
4;-553.733,2,146.6581
2;-554.0593,2,147.836
2;-556.2911,2,148.9101
5;-554.7581,2,149.798
6;-554.6389,2,150.9914
6;-549.5615,2,151.2159
4;-555.3912,2,152.5722
4;-552.7925,2,152.7702
3;-552.1503,2,154.2404
5;-554.199,2,154.8539
4;-554.756,2,155.8183
6;-553.1145,2,156.4879
3;-555.3676,2,157.7129
4;-550.2652,2,158.006
3;-552.4977,2,159.5227
2;-554.1873,2,160.5809
5;-551.7081,2,160.6391
2;-550.4523,2,161.9021
3;-548.0248,2,162.1122
3;-548.4304,2,163.6313
5;-550.5055,2,164.0558
5;-550.3776,2,165.7632
2;-548.2401,2,165.9817
6;-552.8755,2,167.7507
4;-550.7728,2,168.1415
3;-548.4452,2,168.6279
5;-547.1359,2,169.6386
6;-550.9551,2,170.6205
3;-547.7369,2,171.0395
2;-552.2933,2,173.0751
3;-547.9055,2,173.1102
3;-547.0587,2,173.5154
2;-552.7105,2,175.0102
2;-549.1528,2,175.5487
2;-546.6711,2,176.3481
4;-549.1843,2,178.0282
3;-552.7112,2,179.1327
5;-545.9504,2,179.3515
5;-551.115,2,180.5332
6;-549.955,2,181.1426
4;-547.0818,2,181.8415
5;-548.0051,2,182.5294
3;-549.2272,2,183.4955
3;-546.8712,2,184.3627
3;-550.4615,2,186.0002
5;-547.2678,2,186.4286
4;-548.0386,2,187.6756
6;-550.9648,2,188.4768
4;-549.5076,2,188.9798
4;-549.5231,2,190.2833
5;-550.588,2,191.3191
3;-551.5239,2,191.7872
3;-549.7843,2,192.5493
4;-548.3602,2,193.6965
5;-550.321,2,194.2865
3;-549.2567,2,195.5734
3;-548.4091,2,196.5988
6;-549.0964,2,197.4495
5;-548.2671,2,198.4757
2;-548.8964,2,199.3625
6;-550.4208,2,199.888
6;-544.7811,2,200.387
5;-544.9545,2,201.6545
6;-549.3201,2,203.0521
3;-543.5046,2,203.2066
5;-550.1872,2,204.6242
2;-544.0496,2,204.4653
6;-545.5669,2,205.7257
2;-546.7399,2,206.9937
5;-550.0367,2,208.0162
6;-547.2045,2,208.9365
2;-547.5236,2,209.4167
6;-542.9183,2,209.7302
6;-547.6557,2,210.9325
2;-548.5051,2,212.5435
6;-545.7464,2,212.5099
6;-544.7162,2,214.1372
6;-544.8948,2,214.7076
6;-548.6411,2,215.7368
6;-546.357,2,216.7458
6;-545.8975,2,217.807
6;-545.4492,2,217.948
3;-548.1497,2,219.7111
2;-542.6402,2,219.9544
3;-541.877,2,220.1371
6;-542.6265,2,221.8159
3;-545.4101,2,222.7978
6;-544.2458,2,223.4934
2;-544.5842,2,224.0172
6;-547.4019,2,225.88
6;-546.3597,2,226.5475
3;-542.8895,2,226.6814
6;-545.1275,2,227.845
2;-542.4207,2,228.3176
2;-541.8359,2,229.5517
6;-545.6649,2,230.9117
2;-542.8978,2,231.726
2;-542.962,2,232.3794
6;-541.262,2,233.0428
3;-543.3654,2,234.3925
3;-544.8951,2,234.882
2;-542.7246,2,236.1414
3;-546.9343,2,237.1341
